4.245
4.245
4.160
4.146
4.128
4.122
4.108
4.102
4.096
4.088
4.087
4.081
4.077
4.072
4.069
4.063
4.059
4.056
4.056
4.049
4.049
4.047
4.042
4.043
4.042
4.038
4.037
4.038
4.035
4.034
4.027
4.027
4.029
4.027
4.027
4.023
4.024
4.015
4.019
4.018
4.015
4.018
4.022
4.015
4.018
4.013
4.013
4.012
4.010
4.009
4.005
4.007
4.007
4.005
4.005
4.005
4.003
4.004
4.003
3.999
4.002
4.000
3.999
3.999
3.993
3.999
4.002
3.998
3.990
3.995
3.997
3.995
3.994
3.995
3.994
3.990
3.990
3.989
3.990
3.995
3.990
3.987
3.989
3.988
3.985
3.987
3.982
3.987
3.988
3.985
3.987
3.985
3.984
3.982
3.978
3.983
3.979
3.980
3.982
3.983
3.979
3.980
3.980
3.978
3.978
3.979
3.980
3.975
3.983
3.979
3.982
3.977
3.984
3.977
3.977
3.979
3.975
3.977
3.974
3.978
3.973
3.978
3.973
3.975
3.974
3.974
3.972
3.974
3.972
3.975
3.974
3.967
3.970
3.969
3.970
3.970
3.974
3.967
3.968
3.968
3.970
3.972
3.968
3.969
3.970
3.969
3.967
3.968
3.968
3.968
3.968
3.968
3.967
3.965
3.967
3.967
3.972
3.965
3.965
3.968
3.970
3.963
3.969
3.963
3.964
3.964
3.964
3.963
3.962
3.960
3.958
3.962
3.962
3.963
3.963
3.960
3.964
3.960
3.965
3.962
3.962
3.969
3.962
3.962
3.964
3.962
3.958
3.959
3.962
3.959
3.959
3.963
3.959
3.958
3.959
3.958
3.958
3.957
3.958
3.958
3.959
3.959
3.958
3.958
3.959
3.958
3.957
3.955
3.955
3.957
3.959
3.955
3.957
3.950
3.957
3.955
3.955
3.958
3.954
3.955
3.955
3.954
3.954
3.952
3.960
3.954
3.957
3.953
3.950
3.958
3.954
3.957
3.955
3.952
3.954
3.950
3.953
3.954
3.959
3.953
3.954
3.952
3.953
3.953
3.950
3.953
3.953
3.952
3.955
3.953
3.952
3.950
3.952
3.952
3.949
3.952
3.953
3.953
3.952
3.950
3.950
3.950
3.950
3.950
3.950
3.952
3.950
3.949
3.948
3.949
3.950
3.950
3.948
3.949
3.949
3.949
3.952
3.947
3.949
3.950
3.945
3.950
3.949
3.948
3.948
3.947
3.947
3.957
3.950
3.953
3.948
3.947
3.949
3.947
3.948
3.949
3.947
3.945
3.947
3.947
3.949
3.953
3.944
3.949
3.947
3.947
3.947
3.945
3.949
3.947
3.948
3.944
3.947
3.943
3.945
3.950
3.949
3.947
3.945
3.941
3.944
3.945
3.945
3.947
3.949
3.947
3.940
3.945
3.949
3.944
3.945
3.945
3.943
3.950
3.945
3.940
3.947
3.950
3.944
3.944
3.943
3.945
3.939
3.945
3.939
3.939
3.941
3.943
3.949
3.950
3.944
3.941
3.943
3.943
3.945
3.943
3.943
3.944
3.943
3.943
3.943
3.941
3.943
3.943
3.941
3.941
3.943
3.940
3.941
3.941
3.947
3.940
3.938
3.940
3.943
3.940
3.941
3.941
3.944
3.943
3.940
3.943
3.943
3.941
3.945
3.944
3.938
3.939
3.943
3.941
3.941
3.939
3.944
3.941
3.940
3.944
3.943
3.941
3.939
3.940
3.940
3.940
3.940
3.936
3.940
3.940
3.939
3.939
3.939
3.941
3.936
3.939
3.939
3.939
3.940
3.943
3.936
3.939
3.944
3.938
3.939
3.935
3.941
3.938
3.935
3.938
3.938
3.938
3.938
3.939
3.938
3.936
3.934
3.933
3.938
3.940
3.939
3.936
3.936
3.936
3.936
3.938
3.938
3.936
3.939
3.935
3.938
3.935
3.935
3.938
3.934
3.936
3.936
3.935
3.936
3.938
3.938
3.934
3.939
3.938
3.938
3.935
3.930
3.935
3.935
3.936
3.931
3.938
3.931
3.935
3.935
3.933
3.931
3.938
3.935
3.935
3.934
3.936
3.935
3.936
3.938
3.934
3.933
3.936
3.933
3.933
3.934
3.934
3.935
3.931
3.930
3.934
3.938
3.934
3.930
3.931
3.934
3.931
3.934
3.934
3.934
3.934
3.930
3.929
3.933
3.934
3.933
3.931
3.934
3.936
3.934
3.934
3.933
3.935
3.931
3.929
3.931
3.933
3.930
3.931
3.929
3.931
3.928
3.933
3.930
3.930
3.931
3.933
3.933
3.931
3.934
3.931
3.931
3.931
3.933
3.931
3.930
3.933
3.931
3.936
3.933
3.933
3.930
3.931
3.933
3.931
3.933
3.930
3.930
3.930
3.930
3.931
3.931
3.928
3.930
3.926
3.933
3.930
3.930
3.933
3.929
3.933
3.930
3.933
3.928
3.933
3.930
3.930
3.930
3.930
3.933
3.929
3.924
3.933
3.929
3.929
3.928
3.925
3.931
3.926
3.929
3.929
3.929
3.929
3.930
3.929
3.925
3.929
3.928
3.929
3.929
3.928
3.928
3.926
3.928
3.928
3.924
3.925
3.928
3.929
3.926
3.926
3.929
3.925
3.929
3.934
3.926
3.928
3.930
3.929
3.929
3.930
3.925
3.925
3.930
3.925
3.925
3.925
3.926
3.929
3.921
3.923
3.923
3.925
3.931
3.923
3.925
3.926
3.925
3.921
3.924
3.928
3.926
3.923
3.926
3.928
3.925
3.926
3.926
3.926
3.925
3.928
3.924
3.931
3.924
3.928
3.923
3.930
3.923
3.925
3.924
3.925
3.928
3.928
3.926
3.919
3.920
3.925
3.929
3.919
3.926
3.924
3.924
3.925
3.923
3.924
3.923
3.924
3.921
3.923
3.925
3.925
3.923
3.923
3.923
3.926
3.923
3.923
3.921
3.921
3.923
3.924
3.921
3.923
3.921
3.923
3.923
3.928
3.923
3.918
3.920
3.923
3.921
3.919
3.920
3.921
3.920
3.918
3.921
3.925
3.923
3.919
3.921
3.925
3.918
3.920
3.921
3.920
3.918
3.919
3.920
3.921
3.920
3.921
3.920
3.920
3.921
3.921
3.919
3.920
3.919
3.919
3.915
3.920
3.920
3.919
3.919
3.919
3.919
3.914
3.919
3.918
3.914
3.918
3.919
3.918
3.925
3.919
3.916
3.919
3.918
3.915
3.916
3.918
3.918
3.915
3.918
3.920
3.916
3.918
3.920
3.924
3.919
3.918
3.921
3.916
3.916
3.919
3.918
3.919
3.911
3.918
3.914
3.918
3.916
3.916
3.916
3.916
3.918
3.916
3.915
3.923
3.918
3.918
3.918
3.919
3.918
3.916
3.916
3.916
3.913
3.915
3.918
3.915
3.915
3.918
3.916
3.915
3.916
3.918
3.919
3.919
3.915
3.914
3.910
3.915
3.915
3.916
3.911
3.915
3.914
3.911
3.916
3.914
3.914
3.916
3.916
3.914
3.915
3.913
3.910
3.913
3.919
3.913
3.914
3.914
3.910
3.914
3.914
3.910
3.919
3.913
3.913
3.913
3.915
3.913
3.911
3.911
3.911
3.913
3.913
3.909
3.915
3.914
3.909
3.920
3.911
3.911
3.913
3.913
3.910
3.913
3.910
3.911
3.910
3.910
3.910
3.910
3.913
3.911
3.913
3.910
3.913
3.913
3.910
3.911
3.909
3.908
3.916
3.910
3.918
3.910
3.911
3.911
3.909
3.909
3.908
3.910
3.908
3.910
3.909
3.909
3.911
3.910
3.910
3.905
3.909
3.913
3.909
3.908
3.909
3.906
3.906
3.904
3.908
3.906
3.909
3.909
3.908
3.908
3.908
3.906
3.909
3.906
3.908
3.908
3.904
3.906
3.905
3.908
3.913
3.906
3.909
3.905
3.908
3.906
3.910
3.906
3.903
3.908
3.906
3.906
3.905
3.906
3.906
3.906
3.903
3.906
3.908
3.903
3.903
3.910
3.906
3.905
3.905
3.901
3.908
3.903
3.904
3.906
3.904
3.906
3.908
3.914
3.904
3.908
3.908
3.901
3.906
3.905
3.905
3.905
3.904
3.903
3.903
3.905
3.904
3.901
3.903
3.904
3.904
3.903
3.901
3.905
3.901
3.904
3.905
3.905
3.906
3.904
3.900
3.901
3.905
3.908
3.901
3.903
3.904
3.905
3.906
3.901
3.904
3.903
3.901
3.903
3.900
3.903
3.900
3.900
3.901
3.906
3.901
3.903
3.901
3.901
3.900
3.903
3.896
3.904
3.901
3.903
3.899
3.901
3.900
3.895
3.900
3.898
3.899
3.903
3.900
3.899
3.898
3.899
3.900
3.898
3.899
3.899
3.896
3.898
3.900
3.899
3.904
3.898
3.900
3.899
3.899
3.896
3.900
3.901
3.900
3.896
3.899
3.901
3.896
3.894
3.899
3.901
3.900
3.898
3.900
3.896
3.895
3.899
3.898
3.896
3.898
3.896
3.895
3.896
3.899
3.895
3.896
3.895
3.896
3.899
3.893
3.898
3.894
3.900
3.895
3.893
3.895
3.896
3.894
3.895
3.895
3.894
3.896
3.900
3.895
3.898
3.893
3.898
3.889
3.896
3.893
3.896
3.893
3.896
3.893
3.890
3.895
3.899
3.895
3.895
3.894
3.893
3.893
3.893
3.893
3.893
3.896
3.891
3.894
3.893
3.893
3.893
3.894
3.891
3.895
3.889
3.893
3.895
3.895
3.898
3.890
3.894
3.891
3.891
3.891
3.893
3.890
3.888
3.891
3.890
3.898
3.889
3.891
3.891
3.889
3.888
3.898
3.890
3.885
3.885
3.895
3.891
3.890
3.888
3.884
3.890
3.891
3.891
3.889
3.889
3.890
3.886
3.889
3.888
3.886
3.886
3.890
3.888
3.889
3.888
3.881
3.889
3.890
3.890
3.889
3.886
3.889
3.889
3.886
3.886
3.890
3.884
3.888
3.885
3.893
3.883
3.886
3.886
3.890
3.889
3.886
3.888
3.885
3.893
3.884
3.885
3.885
3.886
3.885
3.886
3.888
3.884
3.885
3.886
3.886
3.884
3.884
3.884
3.884
3.886
3.888
3.884
3.884
3.879
3.879
3.883
3.880
3.884
3.885
3.883
3.884
3.886
3.888
3.883
3.883
3.886
3.880
3.881
3.881
3.883
3.881
3.881
3.883
3.885
3.883
3.883
3.881
3.883
3.881
3.880
3.888
3.881
3.880
3.880
3.885
3.880
3.881
3.881
3.880
3.883
3.879
3.880
3.879
3.881
3.880
3.876
3.879
3.879
3.883
3.879
3.881
3.875
3.879
3.880
3.884
3.874
3.879
3.876
3.875
3.878
3.878
3.878
3.879
3.879
3.883
3.878
3.874
3.878
3.878
3.876
3.875
3.878
3.881
3.875
3.876
3.875
3.876
3.876
3.876
3.876
3.878
3.875
3.873
3.875
3.881
3.876
3.878
3.876
3.874
3.876
3.876
3.880
3.875
3.874
3.875
3.876
3.875
3.878
3.874
3.873
3.874
3.874
3.873
3.875
3.876
3.876
3.875
3.869
3.876
3.874
3.873
3.875
3.873
3.870
3.881
3.874
3.871
3.871
3.874
3.874
3.871
3.873
3.874
3.873
3.871
3.871
3.874
3.881
3.866
3.871
3.869
3.870
3.871
3.873
3.870
3.871
3.870
3.870
3.870
3.871
3.871
3.871
3.869
3.870
3.875
3.869
3.869
3.870
3.870
3.868
3.865
3.875
3.868
3.868
3.871
3.870
3.870
3.868
3.869
3.868
3.871
3.871
3.868
3.868
3.870
3.871
3.868
3.863
3.868
3.869
3.868
3.871
3.868
3.865
3.866
3.868
3.866
3.866
3.869
3.865
3.866
3.863
3.866
3.859
3.866
3.868
3.861
3.865
3.863
3.866
3.866
3.865
3.864
3.865
3.863
3.865
3.863
3.864
3.859
3.865
3.864
3.865
3.866
3.864
3.866
3.861
3.864
3.863
3.868
3.858
3.860
3.863
3.861
3.859
3.863
3.860
3.861
3.863
3.863
3.858
3.861
3.865
3.863
3.860
3.865
3.863
3.861
3.861
3.861
3.860
3.859
3.860
3.859
3.863
3.861
3.861
3.858
3.854
3.860
3.861
3.860
3.860
3.859
3.860
3.859
3.858
3.859
3.859
3.858
3.858
3.860
3.860
3.858
3.860
3.855
3.858
3.856
3.861
3.856
3.859
3.856
3.856
3.858
3.856
3.859
3.856
3.860
3.858
3.858
3.858
3.858
3.856
3.860
3.855
3.854
3.853
3.855
3.855
3.855
3.855
3.855
3.855
3.853
3.853
3.855
3.856
3.855
3.858
3.851
3.860
3.855
3.849
3.855
3.858
3.853
3.855
3.854
3.856
3.854
3.856
3.855
3.855
3.855
3.851
3.854
3.853
3.853
3.858
3.856
3.854
3.849
3.851
3.853
3.849
3.851
3.851
3.851
3.846
3.853
3.850
3.850
3.851
3.849
3.847
3.847
3.849
3.850
3.850
3.846
3.851
3.846
3.847
3.850
3.849
3.847
3.849
3.849
3.846
3.847
3.849
3.849
3.847
3.842
3.849
3.850
3.849
3.851
3.845
3.849
3.846
3.845
3.847
3.853
3.847
3.853
3.846
3.847
3.849
3.847
3.844
3.845
3.849
3.847
3.846
3.846
3.850
3.844
3.844
3.841
3.846
3.845
3.851
3.845
3.844
3.845
3.845
3.840
3.845
3.844
3.847
3.847
3.845
3.842
3.842
3.845
3.845
3.849
3.844
3.847
3.842
3.844
3.845
3.842
3.842
3.846
3.849
3.841
3.842
3.842
3.844
3.844
3.840
3.841
3.844
3.842
3.841
3.842
3.841
3.846
3.836
3.841
3.840
3.839
3.840
3.845
3.841
3.839
3.842
3.844
3.839
3.839
3.841
3.840
3.842
3.841
3.839
3.842
3.835
3.836
3.837
3.837
3.841
3.837
3.839
3.844
3.837
3.835
3.837
3.837
3.832
3.836
3.836
3.836
3.831
3.837
3.837
3.837
3.837
3.837
3.842
3.837
3.836
3.842
3.835
3.836
3.836
3.840
3.834
3.836
3.835
3.839
3.837
3.836
3.836
3.837
3.835
3.834
3.839
3.837
3.835
3.835
3.832
3.835
3.834
3.835
3.834
3.834
3.830
3.834
3.832
3.837
3.834
3.830
3.832
3.832
3.834
3.834
3.832
3.827
3.832
3.834
3.834
3.830
3.829
3.831
3.829
3.830
3.831
3.831
3.830
3.827
3.830
3.830
3.831
3.831
3.830
3.832
3.832
3.832
3.831
3.830
3.832
3.830
3.830
3.827
3.830
3.830
3.826
3.831
3.830
3.830
3.827
3.829
3.829
3.829
3.832
3.831
3.831
3.829
3.822
3.835
3.831
3.830
3.827
3.827
3.829
3.822
3.826
3.826
3.834
3.829
3.827
3.827
3.822
3.825
3.831
3.830
3.827
3.826
3.827
3.827
3.826
3.826
3.831
3.826
3.826
3.826
3.822
3.826
3.827
3.826
3.826
3.826
3.825
3.826
3.824
3.826
3.825
3.819
3.826
3.824
3.825
3.826
3.830
3.825
3.820
3.821
3.827
3.827
3.824
3.830
3.826
3.824
3.822
3.825
3.825
3.824
3.826
3.820
3.824
3.820
3.821
3.829
3.822
3.819
3.816
3.821
3.817
3.821
3.821
3.826
3.817
3.822
3.821
3.821
3.821
3.820
3.816
3.821
3.821
3.824
3.822
3.821
3.824
3.817
3.827
3.821
3.815
3.819
3.819
3.820
3.819
3.820
3.820
3.819
3.820
3.819
3.825
3.817
3.821
3.815
3.819
3.816
3.819
3.820
3.817
3.820
3.819
3.819
3.815
3.819
3.821
3.819
3.817
3.817
3.819
3.819
3.819
3.815
3.816
3.817
3.820
3.814
3.814
3.816
3.819
3.812
3.816
3.816
3.815
3.815
3.812
3.816
3.812
3.822
3.816
3.814
3.817
3.815
3.816
3.811
3.815
3.816
3.816
3.811
3.816
3.815
3.814
3.815
3.821
3.815
3.816
3.817
3.814
3.815
3.811
3.819
3.815
3.815
3.816
3.815
3.815
3.811
3.814
3.815
3.815
3.820
3.807
3.815
3.820
3.814
3.815
3.811
3.812
3.814
3.814
3.816
3.814
3.812
3.816
3.815
3.812
3.815
3.811
3.812
3.811
3.810
3.811
3.812
3.811
3.810
3.810
3.812
3.811
3.810
3.810
3.810
3.811
3.811
3.810
3.810
3.814
3.812
3.814
3.811
3.809
3.810
3.810
3.810
3.810
3.809
3.812
3.809
3.811
3.810
3.806
3.806
3.805
3.815
3.811
3.809
3.812
3.809
3.809
3.807
3.810
3.807
3.809
3.809
3.807
3.815
3.810
3.806
3.806
3.807
3.812
3.807
3.809
3.806
3.812
3.809
3.812
3.807
3.807
3.810
3.807
3.804
3.805
3.807
3.811
3.807
3.806
3.809
3.807
3.810
3.807
3.805
3.804
3.805
3.806
3.806
3.806
3.802
3.805
3.806
3.804
3.807
3.805
3.805
3.805
3.806
3.807
3.805
3.806
3.805
3.801
3.805
3.804
3.805
3.802
3.801
3.806
3.809
3.804
3.805
3.802
3.805
3.805
3.801
3.807
3.805
3.802
3.811
3.805
3.802
3.806
3.805
3.806
3.804
3.805
3.802
3.802
3.805
3.801
3.802
3.805
3.809
3.805
3.805
3.804
3.802
3.802
3.801
3.802
3.802
3.800
3.802
3.809
3.796
3.806
3.804
3.804
3.802
3.801
3.804
3.810
3.800
3.801
3.800
3.799
3.802
3.801
3.800
3.802
3.797
3.800
3.801
3.800
3.800
3.801
3.800
3.801
3.801
3.796
3.801
3.802
3.801
3.801
3.800
3.801
3.801
3.799
3.800
3.796
3.799
3.801
3.799
3.799
3.801
3.800
3.797
3.797
3.800
3.804
3.799
3.797
3.799
3.799
3.799
3.799
3.799
3.797
3.797
3.797
3.801
3.801
3.802
3.799
3.795
3.801
3.799
3.795
3.799
3.797
3.797
3.804
3.799
3.797
3.797
3.799
3.797
3.792
3.797
3.797
3.796
3.797
3.797
3.796
3.796
3.797
3.797
3.795
3.796
3.797
3.796
3.799
3.801
3.799
3.796
3.796
3.795
3.800
3.795
3.796
3.795
3.795
3.797
3.790
3.794
3.800
3.796
3.795
3.794
3.796
3.795
3.797
3.796
3.795
3.794
3.796
3.796
3.795
3.790
3.795
3.790
3.795
3.796
3.795
3.796
3.796
3.792
3.792
3.794
3.796
3.795
3.792
3.791
3.795
3.796
3.790
3.795
3.791
3.791
3.795
3.795
3.795
3.795
3.792
3.799
3.794
3.792
3.791
3.792
3.795
3.795
3.797
3.792
3.792
3.794
3.790
3.791
3.792
3.792
3.789
3.792
3.795
3.795
3.790
3.794
3.790
3.792
3.795
3.786
3.792
3.792
3.795
3.792
3.787
3.790
3.791
3.792
3.791
3.791
3.792
3.796
3.790
3.790
3.792
3.792
3.792
3.796
3.795
3.790
3.790
3.792
3.791
3.789
3.791
3.792
3.791
3.790
3.789
3.790
3.790
3.794
3.790
3.789
3.789
3.790
3.792
3.791
3.787
3.791
3.791
3.791
3.786
3.790
3.792
3.789
3.791
3.790
3.789
3.789
3.787
3.795
3.790
3.791
3.789
3.787
3.786
3.787
3.785
3.787
3.787
3.790
3.784
3.786
3.787
3.787
3.789
3.787
3.786
3.782
3.787
3.789
3.789
3.789
3.786
3.786
3.787
3.787
3.791
3.789
3.792
3.785
3.787
3.782
3.786
3.782
3.787
3.786
3.789
3.787
3.786
3.789
3.790
3.786
3.791
3.786
3.787
3.785
3.784
3.790
3.787
3.786
3.784
3.785
3.790
3.786
3.781
3.787
3.782
3.781
3.789
3.786
3.786
3.784
3.786
3.786
3.789
3.784
3.784
3.784
3.786
3.785
3.786
3.789
3.790
3.785
3.782
3.786
3.786
3.785
3.784
3.786
3.782
3.785
3.785
3.782
3.782
3.781
3.784
3.784
3.784
3.784
3.785
3.784
3.782
3.785
3.790
3.782
3.784
3.786
3.782
3.784
3.782
3.785
3.782
3.781
3.784
3.777
3.781
3.789
3.782
3.781
3.784
3.779
3.782
3.784
3.777
3.785
3.782
3.782
3.787
3.786
3.782
3.781
3.786
3.782
3.780
3.779
3.782
3.786
3.777
3.782
3.781
3.781
3.780
3.780
3.782
3.779
3.780
3.780
3.781
3.784
3.776
3.782
3.780
3.780
3.781
3.780
3.782
3.784
3.780
3.780
3.779
3.787
3.785
3.782
3.782
3.781
3.780
3.781
3.781
3.776
3.780
3.779
3.781
3.780
3.779
3.781
3.780
3.780
3.779
3.780
3.775
3.779
3.781
3.781
3.780
3.779
3.777
3.775
3.780
3.780
3.775
3.777
3.780
3.780
3.779
3.779
3.781
3.779
3.779
3.777
3.782
3.777
3.779
3.779
3.776
3.782
3.779
3.780
3.779
3.779
3.779
3.779
3.776
3.779
3.777
3.775
3.777
3.776
3.780
3.777
3.779
3.777
3.772
3.777
3.774
3.780
3.782
3.779
3.782
3.776
3.779
3.774
3.775
3.775
3.772
3.780
3.782
3.775
3.772
3.776
3.776
3.774
3.777
3.776
3.776
3.780
3.776
3.780
3.775
3.776
3.775
3.771
3.775
3.775
3.775
3.772
3.777
3.775
3.771
3.776
3.772
3.775
3.776
3.775
3.774
3.770
3.772
3.774
3.775
3.776
3.775
3.776
3.776
3.774
3.775
3.771
3.775
3.774
3.775
3.775
3.767
3.771
3.772
3.774
3.775
3.774
3.774
3.775
3.772
3.772
3.772
3.772
3.772
3.770
3.769
3.772
3.772
3.780
3.771
3.772
3.771
3.775
3.777
3.771
3.775
3.769
3.771
3.771
3.771
3.774
3.772
3.771
3.769
3.771
3.772
3.771
3.772
3.774
3.772
3.776
3.771
3.770
3.772
3.769
3.767
3.769
3.771
3.769
3.770
3.771
3.770
3.771
3.772
3.772
3.771
3.771
3.767
3.772
3.770
3.770
3.771
3.770
3.771
3.770
3.771
3.771
3.771
3.769
3.772
3.774
3.771
3.769
3.767
3.766
3.771
3.770
3.770
3.769
3.767
3.770
3.770
3.770
3.766
3.770
3.767
3.767
3.766
3.774
3.767
3.767
3.766
3.769
3.769
3.769
3.769
3.765
3.770
3.766
3.767
3.767
3.766
3.769
3.767
3.767
3.767
3.767
3.767
3.766
3.762
3.766
3.765
3.765
3.766
3.771
3.766
3.767
3.769
3.766
3.762
3.764
3.762
3.767
3.767
3.765
3.769
3.765
3.765
3.766
3.767
3.772
3.766
3.765
3.762
3.759
3.767
3.765
3.765
3.766
3.760
3.767
3.767
3.765
3.766
3.765
3.762
3.762
3.764
3.764
3.765
3.766
3.765
3.762
3.764
3.765
3.761
3.764
3.759
3.765
3.764
3.762
3.762
3.764
3.762
3.765
3.764
3.762
3.764
3.761
3.765
3.764
3.764
3.762
3.764
3.760
3.767
3.764
3.765
3.762
3.761
3.762
3.762
3.761
3.761
3.756
3.765
3.757
3.762
3.762
3.761
3.762
3.762
3.760
3.762
3.761
3.761
3.757
3.761
3.760
3.762
3.761
3.761
3.761
3.762
3.761
3.761
3.762
3.761
3.766
3.761
3.759
3.762
3.759
3.761
3.762
3.760
3.760
3.759
3.764
3.759
3.757
3.759
3.760
3.766
3.759
3.757
3.760
3.760
3.760
3.759
3.757
3.760
3.760
3.760
3.759
3.759
3.755
3.760
3.761
3.760
3.759
3.760
3.759
3.759
3.760
3.757
3.759
3.760
3.759
3.757
3.756
3.760
3.756
3.753
3.760
3.757
3.755
3.759
3.757
3.757
3.764
3.757
3.757
3.756
3.757
3.757
3.753
3.753
3.755
3.748
3.759
3.756
3.760
3.755
3.756
3.753
3.756
3.756
3.756
3.759
3.756
3.752
3.756
3.753
3.762
3.759
3.755
3.751
3.755
3.756
3.757
3.756
3.756
3.756
3.756
3.755
3.759
3.755
3.753
3.756
3.756
3.753
3.751
3.755
3.757
3.751
3.756
3.755
3.755
3.753
3.756
3.751
3.755
3.752
3.755
3.753
3.753
3.752
3.755
3.756
3.752
3.752
3.752
3.752
3.755
3.753
3.752
3.753
3.752
3.751
3.755
3.752
3.751
3.752
3.748
3.752
3.750
3.755
3.755
3.752
3.753
3.752
3.752
3.753
3.747
3.752
3.752
3.751
3.751
3.752
3.751
3.750
3.750
3.747
3.751
3.753
3.750
3.752
3.748
3.748
3.752
3.751
3.751
3.747
3.750
3.753
3.748
3.750
3.746
3.751
3.748
3.750
3.752
3.752
3.750
3.750
3.748
3.747
3.750
3.748
3.750
3.748
3.748
3.748
3.750
3.748
3.748
3.751
3.753
3.746
3.748
3.748
3.750
3.747
3.747
3.748
3.748
3.745
3.747
3.750
3.747
3.747
3.747
3.750
3.746
3.747
3.745
3.747
3.746
3.747
3.748
3.746
3.747
3.746
3.751
3.747
3.747
3.748
3.747
3.751
3.745
3.747
3.746
3.747
3.747
3.747
3.747
3.747
3.750
3.746
3.746
3.747
3.746
3.745
3.751
3.743
3.745
3.743
3.742
3.746
3.746
3.745
3.742
3.746
3.745
3.745
3.748
3.742
3.743
3.743
3.745
3.742
3.748
3.743
3.742
3.745
3.742
3.745
3.743
3.745
3.743
3.743
3.743
3.742
3.743
3.745
3.743
3.743
3.742
3.742
3.742
3.740
3.742
3.742
3.743
3.746
3.743
3.742
3.741
3.743
3.743
3.740
3.745
3.745
3.741
3.742
3.747
3.743
3.743
3.745
3.740
3.742
3.741
3.737
3.741
3.741
3.741
3.742
3.741
3.740
3.741
3.741
3.738
3.741
3.738
3.737
3.740
3.737
3.738
3.737
3.738
3.741
3.736
3.740
3.737
3.738
3.737
3.742
3.741
3.738
3.738
3.738
3.741
3.737
3.737
3.736
3.738
3.738
3.740
3.738
3.737
3.735
3.738
3.738
3.738
3.742
3.736
3.743
3.740
3.738
3.738
3.737
3.737
3.741
3.743
3.736
3.736
3.736
3.736
3.733
3.738
3.738
3.735
3.737
3.737
3.731
3.733
3.736
3.735
3.736
3.736
3.733
3.738
3.735
3.737
3.736
3.735
3.733
3.735
3.735
3.735
3.730
3.741
3.736
3.733
3.731
3.731
3.731
3.732
3.735
3.731
3.733
3.733
3.732
3.732
3.736
3.733
3.735
3.732
3.732
3.732
3.727
3.735
3.733
3.733
3.732
3.733
3.732
3.727
3.731
3.735
3.736
3.735
3.732
3.731
3.732
3.732
3.733
3.732
3.732
3.728
3.735
3.730
3.732
3.728
3.730
3.730
3.726
3.731
3.728
3.730
3.731
3.731
3.730
3.728
3.728
3.732
3.727
3.730
3.728
3.732
3.730
3.730
3.726
3.730
3.730
3.732
3.728
3.728
3.730
3.728
3.727
3.728
3.730
3.732
3.730
3.728
3.723
3.728
3.728
3.730
3.727
3.727
3.727
3.727
3.730
3.730
3.728
3.721
3.726
3.727
3.725
3.727
3.727
3.726
3.727
3.726
3.727
3.727
3.728
3.725
3.730
3.726
3.725
3.726
3.727
3.727
3.726
3.726
3.727
3.723
3.725
3.725
3.721
3.725
3.723
3.728
3.722
3.722
3.722
3.725
3.723
3.725
3.723
3.723
3.725
3.723
3.723
3.728
3.722
3.722
3.725
3.725
3.722
3.721
3.722
3.725
3.723
3.722
3.725
3.718
3.722
3.722
3.720
3.720
3.722
3.723
3.722
3.721
3.722
3.722
3.722
3.722
3.721
3.721
3.718
3.725
3.721
3.718
3.726
3.723
3.717
3.722
3.720
3.721
3.722
3.720
3.718
3.718
3.718
3.718
3.720
3.718
3.718
3.715
3.717
3.720
3.722
3.720
3.718
3.713
3.712
3.718
3.717
3.718
3.717
3.717
3.716
3.720
3.717
3.720
3.718
3.716
3.718
3.717
3.716
3.715
3.712
3.713
3.712
3.718
3.716
3.717
3.715
3.716
3.712
3.716
3.716
3.716
3.716
3.713
3.718
3.717
3.716
3.715
3.715
3.715
3.720
3.716
3.716
3.718
3.716
3.715
3.715
3.715
3.717
3.713
3.711
3.713
3.712
3.713
3.713
3.717
3.711
3.715
3.712
3.708
3.716
3.713
3.711
3.713
3.708
3.711
3.712
3.713
3.713
3.711
3.712
3.712
3.710
3.710
3.711
3.711
3.706
3.711
3.711
3.707
3.713
3.715
3.713
3.711
3.710
3.712
3.710
3.711
3.707
3.717
3.708
3.715
3.713
3.707
3.708
3.710
3.707
3.706
3.708
3.708
3.712
3.710
3.708
3.707
3.708
3.705
3.708
3.707
3.706
3.707
3.705
3.706
3.706
3.706
3.705
3.706
3.708
3.706
3.708
3.707
3.706
3.706
3.707
3.705
3.703
3.705
3.701
3.703
3.705
3.705
3.702
3.703
3.703
3.703
3.705
3.705
3.711
3.707
3.703
3.705
3.702
3.702
3.706
3.702
3.701
3.702
3.703
3.706
3.702
3.702
3.705
3.702
3.700
3.706
3.702
3.702
3.697
3.702
3.702
3.703
3.701
3.700
3.701
3.701
3.702
3.701
3.701
3.702
3.697
3.700
3.698
3.703
3.703
3.700
3.698
3.705
3.700
3.700
3.698
3.700
3.701
3.696
3.696
3.700
3.702
3.701
3.697
3.696
3.697
3.702
3.697
3.698
3.700
3.700
3.697
3.696
3.697
3.698
3.700
3.696
3.696
3.697
3.697
3.697
3.696
3.696
3.698
3.696
3.695
3.696
3.695
3.697
3.697
3.695
3.700
3.695
3.693
3.693
3.691
3.693
3.700
3.692
3.696
3.693
3.688
3.692
3.695
3.695
3.702
3.692
3.697
3.696
3.693
3.691
3.695
3.687
3.692
3.690
3.691
3.692
3.692
3.691
3.688
3.690
3.692
3.690
3.691
3.690
3.691
3.691
3.690
3.688
3.688
3.688
3.691
3.691
3.691
3.692
3.685
3.690
3.690
3.688
3.690
3.691
3.687
3.687
3.688
3.688
3.686
3.687
3.682
3.686
3.688
3.688
3.687
3.687
3.687
3.690
3.687
3.686
3.680
3.690
3.682
3.687
3.688
3.685
3.685
3.685
3.686
3.685
3.686
3.682
3.686
3.683
3.691
3.683
3.683
3.686
3.681
3.682
3.683
3.685
3.685
3.685
3.682
3.680
3.685
3.682
3.676
3.682
3.681
3.681
3.680
3.682
3.683
3.682
3.681
3.681
3.682
3.682
3.681
3.682
3.678
3.682
3.681
3.680
3.675
3.680
3.681
3.681
3.677
3.676
3.680
3.677
3.677
3.677
3.676
3.678
3.678
3.675
3.677
3.672
3.677
3.678
3.677
3.673
3.678
3.677
3.676
3.673
3.676
3.675
3.676
3.672
3.676
3.675
3.676
3.676
3.676
3.673
3.672
3.672
3.672
3.673
3.673
3.676
3.670
3.673
3.672
3.675
3.673
3.673
3.673
3.675
3.671
3.671
3.671
3.672
3.673
3.672
3.671
3.666
3.673
3.672
3.670
3.676
3.672
3.670
3.673
3.670
3.670
3.672
3.670
3.671
3.667
3.668
3.670
3.663
3.668
3.667
3.663
3.668
3.670
3.667
3.670
3.668
3.667
3.666
3.667
3.667
3.666
3.666
3.663
3.666
3.668
3.667
3.660
3.667
3.665
3.665
3.666
3.666
3.660
3.660
3.661
3.662
3.666
3.665
3.667
3.667
3.663
3.665
3.661
3.661
3.665
3.662
3.665
3.662
3.662
3.662
3.660
3.661
3.660
3.660
3.662
3.661
3.657
3.661
3.663
3.663
3.660
3.662
3.660
3.660
3.660
3.660
3.661
3.658
3.658
3.657
3.656
3.654
3.654
3.660
3.656
3.656
3.657
3.662
3.657
3.651
3.657
3.656
3.656
3.656
3.658
3.654
3.652
3.654
3.654
3.654
3.652
3.649
3.653
3.653
3.653
3.654
3.660
3.652
3.653
3.654
3.653
3.652
3.654
3.651
3.653
3.652
3.649
3.649
3.653
3.646
3.651
3.649
3.647
3.648
3.651
3.647
3.653
3.647
3.648
3.648
3.649
3.648
3.652
3.648
3.647
3.648
3.647
3.648
3.648
3.647
3.651
3.647
3.647
3.646
3.647
3.648
3.648
3.646
3.648
3.644
3.643
3.642
3.644
3.644
3.642
3.644
3.646
3.643
3.646
3.643
3.638
3.644
3.643
3.641
3.642
3.643
3.643
3.643
3.647
3.644
3.642
3.644
3.644
3.649
3.642
3.641
3.644
3.641
3.641
3.641
3.639
3.639
3.638
3.639
3.638
3.642
3.641
3.638
3.639
3.646
3.637
3.637
3.636
3.639
3.643
3.637
3.636
3.637
3.638
3.636
3.637
3.636
3.639
3.636
3.634
3.634
3.637
3.637
3.636
3.632
3.639
3.642
3.636
3.636
3.639
3.633
3.634
3.637
3.628
3.631
3.629
3.629
3.634
3.632
3.632
3.638
3.629
3.632
3.634
3.627
3.631
3.632
3.629
3.631
3.632
3.629
3.633
3.632
3.624
3.629
3.632
3.629
3.624
3.626
3.628
3.628
3.626
3.627
3.631
3.622
3.627
3.628
3.629
3.626
3.627
3.628
3.628
3.627
3.632
3.624
3.626
3.626
3.626
3.627
3.623
3.626
3.624
3.626
3.627
3.621
3.627
3.624
3.627
3.624
3.623
3.621
3.623
3.627
3.622
3.623
3.622
3.621
3.619
3.623
3.617
3.622
3.623
3.619
3.619
3.619
3.621
3.617
3.622
3.619
3.621
3.619
3.619
3.618
3.618
3.618
3.617
3.618
3.618
3.618
3.617
3.619
3.616
3.617
3.614
3.616
3.617
3.613
3.617
3.616
3.618
3.617
3.614
3.613
3.612
3.614
3.613
3.611
3.612
3.614
3.613
3.613
3.612
3.611
3.613
3.613
3.612
3.611
3.611
3.613
3.609
3.611
3.609
3.608
3.609
3.609
3.608
3.609
3.604
3.603
3.609
3.608
3.604
3.606
3.606
3.607
3.606
3.609
3.606
3.607
3.603
3.604
3.604
3.606
3.606
3.602
3.603
3.606
3.598
3.607
3.599
3.599
3.601
3.604
3.601
3.599
3.601
3.601
3.599
3.603
3.599
3.599
3.599
3.597
3.598
3.601
3.594
3.599
3.599
3.596
3.602
3.597
3.593
3.593
3.596
3.591
3.593
3.593
3.592
3.593
3.592
3.591
3.591
3.589
3.592
3.587
3.589
3.593
3.591
3.589
3.587
3.591
3.588
3.589
3.584
3.584
3.587
3.589
3.583
3.582
3.584
3.587
3.584
3.583
3.583
3.586
3.582
3.581
3.582
3.581
3.578
3.578
3.582
3.582
3.583
3.576
3.578
3.577
3.577
3.578
3.576
3.576
3.574
3.574
3.574
3.574
3.569
3.572
3.568
3.572
3.573
3.571
3.571
3.567
3.571
3.567
3.568
3.569
3.568
3.568
3.566
3.560
3.562
3.562
3.563
3.563
3.562
3.563
3.560
3.559
3.555
3.558
3.558
3.558
3.557
3.558
3.559
3.555
3.559
3.554
3.553
3.553
3.553
3.552
3.552
3.554
3.547
3.550
3.547
3.544
3.544
3.544
3.547
3.545
3.548
3.542
3.549
3.542
3.539
3.540
3.538
3.538
3.537
3.535
3.528
3.535
3.530
3.530
3.535
3.530
3.530
3.527
3.528
3.524
3.527
3.527
3.524
3.523
3.520
3.520
3.519
3.520
3.519
3.513
3.515
3.518
3.509
3.518
3.510
3.505
3.514
3.505
3.505
3.502
3.505
3.505
3.502
3.502
3.503
3.498
3.497
3.495
3.493
3.495
3.493
3.488
3.490
3.488
3.492
3.488
3.485
3.484
3.482
3.478
3.480
3.478
3.475
3.475
3.475
3.472
3.470
3.470
3.467
3.465
3.464
3.463
3.465
3.459
3.460
3.455
3.456
3.451
3.451
3.450
3.448
3.446
3.444
3.444
3.440
3.435
3.439
3.434
3.434
3.430
3.428
3.431
3.428
3.426
3.421
3.421
3.419
3.418
3.416
3.411
3.411
3.408
3.410
3.408
3.401
3.400
3.401
3.396
3.395
3.393
3.391
3.390
3.384
3.385
3.385
3.375
3.374
3.376
3.371
3.370
3.367
3.366
3.362
3.362
3.355
3.355
3.352
3.351
3.347
3.345
3.341
3.340
3.337
3.339
3.334
3.332
3.327
3.324
3.321
3.319
3.314
3.314
3.309
3.309
3.301
3.300
3.297
3.294
3.294
3.289
3.289
3.284
3.279
3.277
3.274
3.268
3.266
3.265
3.258
3.257
3.252
3.248
3.246
3.243
3.241
3.236
3.233
3.231
3.223
3.222
3.215
3.212
3.213
3.206
3.207
3.201
3.196
3.190
3.190
3.186
3.183
3.180
3.173
3.172
3.166
3.164
3.161
3.154
3.151
3.148
3.144
3.138
3.137
3.133
3.128
3.122
3.121
3.117
3.109
3.108
3.104
3.102
3.097
3.094
3.092
3.086
3.082
3.079
3.072
3.070
3.065
3.065
3.058
3.055
3.050
3.043
3.042
3.038
3.032
3.029
3.023
3.025
3.019
3.018
3.009
3.005
3.000
2.997
2.994
2.988
2.983
2.981
2.976
2.971
2.970
2.963
2.954
2.954
2.951
2.944
2.943
2.940
2.934
2.928
2.923
2.919
2.914
2.909
2.906
2.900
2.896
2.889
2.888
2.880
2.875
2.871
2.864
2.860
2.856
2.850
2.845
2.835
2.831
2.829
2.821
2.816
2.810
2.802
2.800
2.794
2.786
2.780
2.772
2.767
2.758
2.755
2.748
2.740
2.733
2.725
2.716
2.712
2.702
2.692
2.683
2.679
2.667
2.657
2.648
2.638
2.629
2.616
2.606
2.594
2.579
2.567
2.552
2.539
2.523
2.513
2.493
2.476
2.458
2.441
2.423
2.410
2.387
