4.249
4.256
4.171
4.148
4.136
4.128
4.116
4.112
4.102
4.094
4.096
4.082
4.079
4.078
4.078
4.076
4.067
4.067
4.063
4.059
4.056
4.056
4.054
4.051
4.049
4.049
4.046
4.040
4.038
4.040
4.042
4.044
4.035
4.034
4.034
4.032
4.030
4.024
4.028
4.028
4.030
4.025
4.020
4.018
4.018
4.020
4.020
4.019
4.018
4.017
4.013
4.014
4.013
4.013
4.012
4.014
4.010
4.012
4.012
4.008
4.007
4.009
4.004
4.007
4.003
4.005
4.004
4.009
3.998
4.003
3.999
4.002
4.000
4.004
4.000
3.999
3.999
3.998
3.999
3.993
3.999
3.998
4.004
3.995
3.994
3.995
3.998
3.993
3.993
3.994
3.993
3.992
3.994
3.989
3.990
3.993
3.990
3.988
3.990
3.989
3.989
3.987
3.985
3.987
3.987
3.987
3.984
3.985
3.984
3.988
3.990
3.985
3.980
3.984
3.985
3.992
3.982
3.983
3.983
3.984
3.982
3.982
3.978
3.982
3.979
3.982
3.980
3.984
3.980
3.978
3.987
3.975
3.978
3.977
3.979
3.977
3.980
3.975
3.978
3.975
3.977
3.974
3.975
3.972
3.977
3.975
3.974
3.973
3.975
3.975
3.978
3.974
3.970
3.973
3.974
3.970
3.974
3.975
3.974
3.969
3.973
3.972
3.974
3.969
3.969
3.973
3.970
3.972
3.975
3.969
3.968
3.970
3.969
3.968
3.969
3.969
3.977
3.969
3.970
3.969
3.969
3.965
3.970
3.969
3.972
3.968
3.967
3.967
3.968
3.968
3.965
3.967
3.969
3.968
3.965
3.964
3.965
3.965
3.967
3.967
3.968
3.969
3.964
3.965
3.965
3.965
3.969
3.968
3.964
3.964
3.967
3.964
3.963
3.964
3.962
3.964
3.964
3.960
3.964
3.965
3.964
3.967
3.963
3.960
3.958
3.963
3.963
3.963
3.965
3.969
3.963
3.960
3.962
3.962
3.962
3.962
3.960
3.960
3.958
3.963
3.960
3.960
3.960
3.960
3.960
3.962
3.962
3.962
3.963
3.960
3.958
3.965
3.958
3.962
3.960
3.957
3.962
3.968
3.958
3.959
3.964
3.960
3.958
3.959
3.958
3.958
3.959
3.958
3.957
3.962
3.952
3.955
3.957
3.958
3.959
3.957
3.958
3.955
3.958
3.957
3.957
3.959
3.958
3.964
3.955
3.957
3.958
3.958
3.955
3.952
3.955
3.957
3.957
3.954
3.955
3.954
3.957
3.954
3.955
3.958
3.952
3.959
3.955
3.949
3.954
3.954
3.955
3.959
3.954
3.954
3.953
3.952
3.955
3.954
3.959
3.950
3.954
3.954
3.953
3.952
3.952
3.953
3.954
3.952
3.948
3.954
3.953
3.953
3.954
3.954
3.952
3.949
3.949
3.950
3.953
3.952
3.952
3.954
3.952
3.952
3.949
3.949
3.958
3.952
3.958
3.949
3.952
3.952
3.949
3.949
3.950
3.950
3.953
3.952
3.952
3.953
3.953
3.953
3.954
3.950
3.954
3.957
3.950
3.954
3.949
3.950
3.953
3.949
3.950
3.948
3.947
3.954
3.953
3.953
3.952
3.949
3.950
3.950
3.950
3.955
3.953
3.948
3.949
3.948
3.952
3.957
3.947
3.949
3.949
3.948
3.953
3.950
3.944
3.950
3.950
3.948
3.949
3.948
3.950
3.949
3.948
3.950
3.949
3.953
3.945
3.949
3.943
3.948
3.949
3.949
3.945
3.948
3.944
3.947
3.947
3.944
3.947
3.947
3.947
3.947
3.947
3.949
3.948
3.947
3.945
3.945
3.947
3.947
3.945
3.947
3.945
3.948
3.944
3.947
3.943
3.948
3.945
3.945
3.952
3.943
3.947
3.945
3.945
3.944
3.941
3.944
3.947
3.944
3.941
3.945
3.943
3.945
3.944
3.947
3.944
3.949
3.947
3.947
3.943
3.940
3.941
3.944
3.941
3.948
3.944
3.947
3.943
3.949
3.944
3.940
3.943
3.943
3.943
3.944
3.941
3.943
3.944
3.941
3.939
3.947
3.944
3.941
3.944
3.944
3.947
3.943
3.941
3.944
3.947
3.945
3.944
3.943
3.944
3.944
3.943
3.938
3.938
3.943
3.943
3.941
3.947
3.940
3.936
3.940
3.940
3.941
3.939
3.941
3.941
3.943
3.940
3.938
3.941
3.940
3.940
3.936
3.943
3.941
3.940
3.941
3.939
3.943
3.944
3.939
3.940
3.940
3.941
3.939
3.940
3.939
3.939
3.941
3.943
3.940
3.941
3.939
3.941
3.940
3.938
3.944
3.938
3.940
3.939
3.941
3.940
3.938
3.936
3.943
3.938
3.936
3.939
3.939
3.939
3.940
3.939
3.940
3.940
3.939
3.938
3.939
3.938
3.938
3.939
3.940
3.938
3.934
3.939
3.939
3.938
3.938
3.934
3.938
3.941
3.933
3.938
3.936
3.938
3.933
3.938
3.936
3.938
3.936
3.936
3.936
3.936
3.934
3.936
3.935
3.935
3.939
3.936
3.936
3.936
3.935
3.935
3.939
3.933
3.939
3.936
3.938
3.939
3.934
3.936
3.934
3.936
3.933
3.935
3.935
3.938
3.938
3.938
3.934
3.940
3.934
3.936
3.934
3.934
3.935
3.935
3.936
3.934
3.935
3.934
3.934
3.933
3.931
3.933
3.934
3.931
3.929
3.935
3.935
3.935
3.933
3.931
3.939
3.933
3.931
3.938
3.931
3.933
3.934
3.934
3.936
3.939
3.933
3.935
3.930
3.934
3.933
3.933
3.934
3.933
3.934
3.939
3.931
3.929
3.931
3.931
3.933
3.933
3.931
3.929
3.931
3.931
3.931
3.934
3.929
3.930
3.931
3.935
3.926
3.930
3.936
3.930
3.933
3.931
3.931
3.931
3.928
3.935
3.931
3.933
3.931
3.930
3.930
3.930
3.934
3.931
3.938
3.930
3.930
3.931
3.931
3.930
3.931
3.929
3.931
3.929
3.925
3.928
3.934
3.928
3.925
3.926
3.929
3.930
3.929
3.926
3.930
3.925
3.925
3.929
3.929
3.929
3.928
3.934
3.928
3.926
3.928
3.926
3.928
3.926
3.928
3.929
3.926
3.930
3.930
3.929
3.924
3.926
3.929
3.924
3.926
3.924
3.928
3.924
3.928
3.924
3.929
3.925
3.924
3.926
3.928
3.928
3.921
3.925
3.930
3.925
3.926
3.924
3.933
3.926
3.926
3.928
3.924
3.925
3.929
3.926
3.929
3.934
3.924
3.925
3.926
3.925
3.924
3.925
3.924
3.930
3.924
3.924
3.926
3.920
3.924
3.925
3.929
3.925
3.924
3.924
3.924
3.921
3.924
3.925
3.925
3.921
3.924
3.924
3.923
3.928
3.928
3.924
3.926
3.919
3.925
3.921
3.920
3.925
3.919
3.926
3.923
3.923
3.928
3.923
3.921
3.923
3.923
3.921
3.923
3.923
3.924
3.921
3.920
3.920
3.921
3.921
3.920
3.923
3.919
3.919
3.920
3.918
3.920
3.920
3.924
3.921
3.921
3.920
3.925
3.921
3.921
3.918
3.921
3.921
3.920
3.921
3.925
3.919
3.919
3.919
3.921
3.920
3.918
3.920
3.919
3.921
3.920
3.920
3.916
3.919
3.919
3.920
3.921
3.919
3.919
3.919
3.921
3.919
3.918
3.915
3.919
3.914
3.918
3.920
3.920
3.915
3.918
3.918
3.920
3.916
3.920
3.919
3.918
3.914
3.918
3.919
3.919
3.918
3.916
3.918
3.916
3.916
3.916
3.914
3.918
3.914
3.915
3.915
3.918
3.915
3.916
3.916
3.918
3.916
3.919
3.915
3.919
3.911
3.915
3.915
3.916
3.909
3.915
3.916
3.918
3.916
3.919
3.915
3.914
3.911
3.918
3.918
3.918
3.918
3.919
3.914
3.914
3.914
3.913
3.915
3.916
3.913
3.914
3.913
3.913
3.915
3.915
3.914
3.911
3.913
3.913
3.915
3.911
3.915
3.915
3.913
3.911
3.916
3.914
3.908
3.913
3.915
3.913
3.913
3.911
3.911
3.913
3.913
3.916
3.911
3.913
3.916
3.911
3.911
3.911
3.909
3.911
3.911
3.906
3.910
3.910
3.913
3.910
3.910
3.913
3.910
3.910
3.909
3.913
3.910
3.910
3.911
3.910
3.909
3.910
3.909
3.913
3.909
3.909
3.910
3.911
3.911
3.911
3.909
3.910
3.909
3.904
3.905
3.911
3.908
3.908
3.908
3.908
3.908
3.905
3.906
3.906
3.905
3.913
3.909
3.904
3.909
3.901
3.910
3.906
3.909
3.909
3.908
3.906
3.911
3.903
3.908
3.905
3.905
3.906
3.905
3.906
3.904
3.909
3.903
3.905
3.906
3.904
3.903
3.909
3.900
3.906
3.905
3.905
3.903
3.904
3.905
3.904
3.903
3.905
3.905
3.904
3.904
3.905
3.906
3.904
3.906
3.904
3.905
3.904
3.906
3.905
3.904
3.904
3.903
3.903
3.903
3.904
3.905
3.904
3.904
3.904
3.901
3.903
3.901
3.904
3.901
3.898
3.904
3.900
3.903
3.904
3.903
3.900
3.901
3.899
3.903
3.901
3.903
3.901
3.908
3.901
3.901
3.900
3.901
3.903
3.904
3.900
3.900
3.901
3.901
3.901
3.900
3.900
3.903
3.896
3.900
3.899
3.896
3.894
3.901
3.895
3.899
3.898
3.899
3.898
3.900
3.901
3.896
3.900
3.898
3.898
3.898
3.894
3.900
3.900
3.901
3.900
3.899
3.895
3.894
3.898
3.896
3.900
3.894
3.896
3.896
3.899
3.899
3.898
3.899
3.898
3.896
3.898
3.894
3.894
3.893
3.898
3.899
3.896
3.901
3.898
3.896
3.893
3.895
3.895
3.896
3.898
3.895
3.893
3.896
3.896
3.896
3.893
3.893
3.899
3.895
3.896
3.893
3.894
3.896
3.894
3.893
3.893
3.893
3.893
3.893
3.895
3.894
3.894
3.893
3.894
3.894
3.889
3.896
3.891
3.894
3.891
3.895
3.895
3.894
3.891
3.891
3.893
3.893
3.893
3.896
3.891
3.886
3.891
3.891
3.895
3.895
3.891
3.886
3.895
3.891
3.891
3.893
3.890
3.891
3.890
3.890
3.889
3.890
3.890
3.890
3.889
3.889
3.888
3.893
3.889
3.888
3.891
3.891
3.884
3.888
3.889
3.890
3.890
3.886
3.889
3.890
3.889
3.889
3.889
3.888
3.889
3.888
3.886
3.886
3.885
3.888
3.886
3.889
3.884
3.885
3.888
3.885
3.886
3.890
3.885
3.886
3.885
3.884
3.886
3.885
3.885
3.886
3.888
3.888
3.886
3.885
3.886
3.885
3.885
3.886
3.886
3.885
3.884
3.885
3.885
3.881
3.884
3.883
3.880
3.883
3.880
3.885
3.883
3.885
3.888
3.885
3.881
3.883
3.881
3.883
3.885
3.881
3.884
3.883
3.881
3.885
3.881
3.881
3.880
3.881
3.884
3.888
3.880
3.883
3.881
3.881
3.881
3.880
3.880
3.881
3.883
3.890
3.883
3.881
3.880
3.880
3.881
3.881
3.876
3.884
3.883
3.883
3.880
3.879
3.880
3.880
3.875
3.874
3.880
3.879
3.876
3.879
3.876
3.884
3.879
3.879
3.878
3.878
3.885
3.878
3.874
3.879
3.876
3.875
3.878
3.880
3.878
3.878
3.878
3.876
3.876
3.878
3.879
3.876
3.880
3.876
3.878
3.876
3.885
3.875
3.873
3.875
3.873
3.875
3.880
3.873
3.874
3.875
3.874
3.879
3.876
3.875
3.873
3.874
3.874
3.874
3.869
3.873
3.875
3.874
3.873
3.875
3.874
3.874
3.874
3.873
3.874
3.871
3.873
3.870
3.874
3.870
3.873
3.870
3.875
3.873
3.871
3.871
3.873
3.873
3.868
3.874
3.876
3.873
3.871
3.871
3.870
3.871
3.874
3.870
3.874
3.870
3.870
3.870
3.865
3.870
3.870
3.869
3.869
3.869
3.869
3.870
3.869
3.869
3.868
3.869
3.871
3.869
3.870
3.871
3.869
3.864
3.869
3.873
3.868
3.868
3.869
3.869
3.865
3.868
3.866
3.866
3.868
3.866
3.868
3.866
3.865
3.865
3.866
3.868
3.863
3.865
3.866
3.865
3.866
3.865
3.866
3.864
3.866
3.866
3.866
3.864
3.865
3.866
3.863
3.864
3.865
3.863
3.866
3.864
3.865
3.861
3.864
3.865
3.864
3.864
3.861
3.861
3.863
3.860
3.864
3.865
3.861
3.864
3.861
3.861
3.866
3.861
3.863
3.863
3.861
3.864
3.859
3.861
3.868
3.863
3.861
3.858
3.859
3.863
3.863
3.864
3.858
3.861
3.860
3.859
3.861
3.860
3.859
3.863
3.858
3.860
3.859
3.859
3.859
3.863
3.860
3.859
3.864
3.864
3.858
3.861
3.856
3.860
3.856
3.855
3.856
3.856
3.858
3.858
3.861
3.855
3.858
3.861
3.858
3.859
3.858
3.856
3.861
3.856
3.855
3.855
3.858
3.855
3.855
3.854
3.856
3.861
3.860
3.856
3.854
3.855
3.855
3.855
3.854
3.858
3.854
3.856
3.859
3.854
3.855
3.853
3.860
3.856
3.851
3.855
3.858
3.854
3.853
3.855
3.853
3.853
3.849
3.858
3.853
3.859
3.854
3.854
3.854
3.846
3.851
3.850
3.853
3.851
3.851
3.853
3.851
3.855
3.853
3.849
3.851
3.851
3.853
3.851
3.847
3.853
3.850
3.851
3.850
3.854
3.849
3.855
3.849
3.850
3.842
3.849
3.849
3.847
3.849
3.847
3.849
3.846
3.849
3.854
3.847
3.851
3.846
3.847
3.847
3.847
3.849
3.846
3.845
3.844
3.847
3.846
3.846
3.854
3.847
3.846
3.846
3.844
3.845
3.846
3.846
3.846
3.847
3.846
3.844
3.846
3.845
3.845
3.851
3.845
3.844
3.850
3.844
3.844
3.844
3.841
3.847
3.842
3.842
3.844
3.844
3.845
3.845
3.844
3.845
3.841
3.847
3.842
3.844
3.844
3.840
3.846
3.845
3.844
3.842
3.842
3.840
3.842
3.842
3.844
3.842
3.844
3.842
3.841
3.840
3.839
3.842
3.846
3.842
3.844
3.839
3.841
3.842
3.841
3.839
3.842
3.840
3.841
3.841
3.837
3.837
3.839
3.839
3.841
3.837
3.839
3.840
3.839
3.839
3.846
3.834
3.840
3.836
3.837
3.839
3.839
3.837
3.836
3.840
3.839
3.836
3.836
3.839
3.837
3.837
3.832
3.837
3.836
3.841
3.831
3.836
3.839
3.836
3.837
3.837
3.831
3.837
3.834
3.841
3.836
3.835
3.836
3.831
3.835
3.835
3.834
3.835
3.832
3.834
3.835
3.835
3.835
3.842
3.835
3.835
3.834
3.830
3.837
3.834
3.835
3.834
3.835
3.834
3.832
3.835
3.831
3.834
3.835
3.830
3.834
3.831
3.832
3.831
3.835
3.830
3.836
3.830
3.831
3.832
3.837
3.831
3.834
3.831
3.832
3.834
3.830
3.834
3.831
3.832
3.835
3.831
3.832
3.832
3.832
3.830
3.831
3.835
3.829
3.830
3.831
3.824
3.830
3.831
3.827
3.829
3.834
3.827
3.829
3.829
3.829
3.829
3.829
3.829
3.826
3.827
3.830
3.827
3.834
3.829
3.831
3.827
3.830
3.829
3.829
3.825
3.829
3.826
3.826
3.822
3.824
3.827
3.827
3.827
3.827
3.826
3.825
3.827
3.827
3.827
3.826
3.825
3.826
3.826
3.827
3.825
3.826
3.826
3.826
3.830
3.824
3.826
3.821
3.827
3.827
3.825
3.822
3.825
3.824
3.825
3.825
3.824
3.830
3.820
3.820
3.824
3.831
3.825
3.824
3.825
3.826
3.826
3.824
3.820
3.822
3.825
3.826
3.822
3.824
3.829
3.826
3.829
3.830
3.821
3.825
3.822
3.826
3.826
3.821
3.822
3.824
3.822
3.817
3.822
3.822
3.822
3.824
3.816
3.822
3.827
3.820
3.822
3.817
3.821
3.822
3.820
3.822
3.821
3.822
3.821
3.821
3.820
3.821
3.820
3.820
3.820
3.825
3.821
3.821
3.821
3.819
3.821
3.819
3.820
3.819
3.820
3.820
3.821
3.821
3.819
3.820
3.815
3.819
3.815
3.819
3.819
3.816
3.819
3.817
3.819
3.819
3.819
3.822
3.815
3.826
3.819
3.817
3.819
3.822
3.817
3.817
3.820
3.817
3.816
3.817
3.817
3.821
3.815
3.815
3.817
3.812
3.814
3.817
3.816
3.817
3.819
3.816
3.816
3.816
3.815
3.814
3.820
3.819
3.816
3.814
3.817
3.811
3.816
3.816
3.819
3.815
3.815
3.811
3.816
3.817
3.815
3.821
3.814
3.819
3.812
3.812
3.814
3.811
3.816
3.815
3.812
3.814
3.816
3.812
3.812
3.814
3.811
3.814
3.814
3.809
3.814
3.814
3.814
3.815
3.814
3.812
3.812
3.812
3.816
3.812
3.812
3.812
3.814
3.809
3.810
3.811
3.810
3.809
3.811
3.812
3.812
3.811
3.807
3.811
3.812
3.809
3.817
3.810
3.809
3.814
3.809
3.820
3.812
3.815
3.809
3.811
3.810
3.806
3.807
3.809
3.810
3.811
3.809
3.810
3.812
3.811
3.807
3.810
3.811
3.811
3.811
3.810
3.809
3.809
3.806
3.810
3.811
3.811
3.806
3.807
3.811
3.810
3.811
3.811
3.809
3.809
3.814
3.807
3.809
3.802
3.810
3.806
3.809
3.809
3.809
3.809
3.806
3.809
3.806
3.807
3.809
3.809
3.812
3.807
3.807
3.804
3.805
3.809
3.806
3.807
3.809
3.807
3.810
3.806
3.807
3.807
3.805
3.806
3.806
3.806
3.802
3.801
3.806
3.806
3.810
3.806
3.805
3.807
3.805
3.804
3.802
3.806
3.806
3.806
3.807
3.807
3.806
3.810
3.805
3.805
3.809
3.806
3.806
3.806
3.805
3.804
3.809
3.806
3.807
3.805
3.804
3.802
3.801
3.806
3.805
3.806
3.807
3.804
3.804
3.806
3.805
3.805
3.804
3.801
3.801
3.802
3.804
3.800
3.806
3.802
3.807
3.804
3.804
3.802
3.805
3.806
3.797
3.802
3.801
3.800
3.805
3.802
3.804
3.806
3.799
3.801
3.801
3.801
3.802
3.801
3.801
3.802
3.802
3.804
3.797
3.801
3.801
3.797
3.799
3.802
3.804
3.802
3.801
3.801
3.801
3.802
3.801
3.801
3.802
3.807
3.801
3.804
3.800
3.802
3.797
3.799
3.802
3.802
3.806
3.802
3.800
3.797
3.801
3.802
3.802
3.800
3.800
3.801
3.797
3.804
3.801
3.800
3.804
3.800
3.801
3.799
3.800
3.799
3.800
3.795
3.801
3.799
3.800
3.802
3.799
3.800
3.800
3.801
3.799
3.802
3.797
3.799
3.799
3.795
3.799
3.796
3.799
3.799
3.797
3.796
3.800
3.795
3.796
3.801
3.800
3.801
3.802
3.797
3.799
3.799
3.799
3.800
3.795
3.797
3.801
3.796
3.796
3.805
3.796
3.796
3.796
3.796
3.796
3.796
3.796
3.797
3.796
3.796
3.796
3.797
3.799
3.792
3.795
3.797
3.797
3.799
3.795
3.801
3.796
3.795
3.800
3.797
3.795
3.794
3.799
3.796
3.797
3.795
3.799
3.792
3.799
3.799
3.794
3.797
3.791
3.794
3.795
3.795
3.794
3.795
3.796
3.796
3.794
3.796
3.795
3.794
3.797
3.797
3.795
3.792
3.795
3.792
3.791
3.795
3.791
3.796
3.790
3.789
3.795
3.789
3.791
3.794
3.790
3.792
3.792
3.791
3.795
3.794
3.792
3.789
3.795
3.790
3.799
3.792
3.790
3.795
3.792
3.792
3.792
3.792
3.792
3.794
3.794
3.794
3.795
3.792
3.792
3.792
3.794
3.791
3.791
3.792
3.791
3.794
3.792
3.789
3.791
3.791
3.791
3.791
3.794
3.792
3.791
3.790
3.792
3.795
3.792
3.797
3.796
3.791
3.792
3.791
3.790
3.792
3.787
3.794
3.792
3.791
3.790
3.787
3.791
3.791
3.795
3.790
3.790
3.787
3.790
3.787
3.789
3.790
3.790
3.789
3.791
3.791
3.791
3.784
3.787
3.789
3.790
3.795
3.791
3.787
3.790
3.789
3.789
3.787
3.789
3.789
3.789
3.787
3.789
3.789
3.786
3.787
3.791
3.787
3.787
3.789
3.790
3.785
3.787
3.787
3.790
3.790
3.790
3.785
3.789
3.789
3.789
3.785
3.789
3.787
3.789
3.796
3.795
3.787
3.787
3.786
3.787
3.786
3.789
3.789
3.787
3.785
3.794
3.787
3.787
3.786
3.786
3.786
3.784
3.785
3.787
3.786
3.787
3.787
3.787
3.791
3.789
3.787
3.786
3.785
3.786
3.784
3.786
3.786
3.787
3.785
3.787
3.787
3.786
3.779
3.784
3.787
3.785
3.789
3.784
3.784
3.790
3.780
3.782
3.786
3.786
3.784
3.781
3.785
3.784
3.785
3.781
3.784
3.782
3.787
3.785
3.784
3.785
3.785
3.784
3.784
3.784
3.782
3.785
3.789
3.782
3.785
3.784
3.786
3.784
3.789
3.785
3.790
3.782
3.782
3.790
3.782
3.784
3.785
3.782
3.780
3.784
3.780
3.787
3.780
3.781
3.784
3.781
3.782
3.781
3.786
3.782
3.780
3.785
3.780
3.784
3.780
3.782
3.782
3.784
3.784
3.784
3.780
3.782
3.784
3.781
3.785
3.782
3.781
3.781
3.784
3.781
3.779
3.784
3.781
3.776
3.780
3.780
3.782
3.780
3.781
3.779
3.780
3.777
3.779
3.780
3.781
3.780
3.781
3.777
3.781
3.781
3.777
3.779
3.777
3.779
3.780
3.777
3.781
3.780
3.780
3.779
3.780
3.779
3.776
3.784
3.779
3.780
3.782
3.776
3.777
3.777
3.780
3.779
3.779
3.771
3.776
3.784
3.777
3.780
3.776
3.779
3.779
3.775
3.776
3.779
3.779
3.777
3.777
3.777
3.774
3.776
3.776
3.777
3.777
3.777
3.777
3.779
3.779
3.776
3.776
3.777
3.775
3.776
3.775
3.775
3.775
3.777
3.772
3.772
3.776
3.777
3.776
3.776
3.774
3.774
3.776
3.775
3.777
3.776
3.776
3.774
3.774
3.776
3.776
3.775
3.776
3.779
3.775
3.771
3.770
3.774
3.775
3.774
3.775
3.774
3.772
3.771
3.774
3.774
3.772
3.775
3.779
3.774
3.774
3.771
3.771
3.774
3.774
3.774
3.774
3.776
3.767
3.775
3.771
3.776
3.776
3.774
3.774
3.774
3.774
3.770
3.775
3.775
3.772
3.772
3.775
3.774
3.774
3.772
3.772
3.771
3.776
3.770
3.772
3.772
3.769
3.772
3.770
3.771
3.772
3.776
3.772
3.774
3.770
3.769
3.771
3.772
3.772
3.770
3.771
3.772
3.771
3.769
3.774
3.769
3.767
3.772
3.771
3.771
3.771
3.771
3.766
3.769
3.771
3.767
3.775
3.769
3.772
3.769
3.770
3.772
3.771
3.770
3.769
3.766
3.772
3.769
3.767
3.767
3.772
3.767
3.772
3.766
3.767
3.770
3.770
3.769
3.767
3.770
3.769
3.769
3.770
3.771
3.767
3.770
3.769
3.766
3.770
3.769
3.769
3.767
3.767
3.769
3.769
3.766
3.769
3.766
3.764
3.767
3.767
3.774
3.761
3.767
3.767
3.770
3.769
3.767
3.766
3.770
3.766
3.766
3.765
3.764
3.766
3.766
3.764
3.766
3.767
3.767
3.767
3.767
3.764
3.767
3.766
3.765
3.767
3.766
3.766
3.762
3.766
3.767
3.767
3.765
3.764
3.766
3.764
3.766
3.766
3.765
3.766
3.770
3.766
3.762
3.762
3.759
3.764
3.760
3.765
3.762
3.761
3.764
3.765
3.761
3.764
3.762
3.764
3.761
3.764
3.761
3.764
3.762
3.766
3.762
3.762
3.762
3.764
3.765
3.765
3.762
3.765
3.762
3.764
3.767
3.762
3.761
3.762
3.764
3.765
3.764
3.762
3.760
3.762
3.761
3.761
3.761
3.761
3.762
3.762
3.761
3.766
3.760
3.761
3.761
3.762
3.760
3.760
3.760
3.759
3.764
3.767
3.761
3.762
3.760
3.757
3.760
3.761
3.760
3.759
3.759
3.759
3.760
3.761
3.760
3.760
3.756
3.760
3.767
3.760
3.760
3.760
3.759
3.759
3.757
3.759
3.757
3.759
3.764
3.760
3.756
3.757
3.760
3.760
3.760
3.760
3.759
3.760
3.757
3.759
3.756
3.757
3.760
3.759
3.756
3.762
3.759
3.757
3.756
3.759
3.751
3.755
3.756
3.755
3.755
3.757
3.755
3.756
3.756
3.756
3.752
3.755
3.756
3.750
3.757
3.759
3.753
3.755
3.755
3.757
3.756
3.755
3.756
3.757
3.752
3.755
3.755
3.759
3.755
3.755
3.750
3.755
3.755
3.753
3.759
3.752
3.753
3.756
3.756
3.751
3.751
3.755
3.755
3.755
3.750
3.753
3.757
3.757
3.752
3.753
3.753
3.752
3.755
3.755
3.751
3.752
3.752
3.752
3.753
3.751
3.753
3.752
3.752
3.752
3.751
3.759
3.752
3.752
3.751
3.751
3.751
3.750
3.757
3.750
3.757
3.751
3.751
3.751
3.756
3.751
3.753
3.752
3.751
3.751
3.747
3.751
3.748
3.753
3.753
3.751
3.751
3.750
3.748
3.751
3.753
3.746
3.748
3.750
3.748
3.750
3.752
3.747
3.751
3.750
3.750
3.748
3.746
3.748
3.748
3.747
3.750
3.748
3.753
3.746
3.748
3.747
3.751
3.748
3.747
3.748
3.752
3.747
3.746
3.748
3.747
3.747
3.747
3.747
3.747
3.747
3.747
3.747
3.747
3.746
3.747
3.743
3.743
3.747
3.745
3.748
3.747
3.743
3.747
3.746
3.747
3.747
3.746
3.742
3.745
3.745
3.751
3.746
3.745
3.745
3.746
3.746
3.745
3.745
3.743
3.745
3.745
3.743
3.742
3.742
3.743
3.743
3.742
3.746
3.745
3.743
3.743
3.745
3.743
3.745
3.742
3.743
3.742
3.743
3.745
3.741
3.743
3.743
3.742
3.746
3.747
3.746
3.742
3.743
3.741
3.738
3.740
3.740
3.742
3.743
3.741
3.740
3.746
3.742
3.743
3.738
3.738
3.743
3.741
3.742
3.738
3.737
3.741
3.745
3.742
3.740
3.741
3.740
3.741
3.740
3.745
3.741
3.737
3.740
3.741
3.742
3.742
3.736
3.737
3.740
3.742
3.737
3.740
3.736
3.740
3.740
3.740
3.737
3.741
3.740
3.738
3.737
3.733
3.740
3.737
3.740
3.741
3.740
3.735
3.741
3.740
3.738
3.738
3.738
3.737
3.737
3.737
3.737
3.737
3.736
3.736
3.736
3.736
3.736
3.737
3.740
3.735
3.736
3.735
3.735
3.736
3.733
3.736
3.730
3.736
3.740
3.733
3.737
3.731
3.736
3.732
3.735
3.733
3.733
3.735
3.735
3.735
3.735
3.733
3.731
3.736
3.735
3.733
3.735
3.733
3.735
3.735
3.732
3.732
3.740
3.731
3.728
3.732
3.732
3.732
3.732
3.732
3.731
3.731
3.731
3.732
3.731
3.733
3.731
3.726
3.732
3.732
3.728
3.733
3.732
3.731
3.733
3.731
3.731
3.727
3.728
3.728
3.730
3.731
3.728
3.732
3.730
3.732
3.727
3.728
3.730
3.731
3.728
3.733
3.725
3.728
3.733
3.727
3.730
3.728
3.732
3.727
3.727
3.726
3.727
3.726
3.725
3.728
3.728
3.730
3.727
3.728
3.728
3.728
3.727
3.727
3.727
3.727
3.726
3.728
3.730
3.726
3.727
3.726
3.725
3.725
3.730
3.726
3.723
3.731
3.726
3.725
3.723
3.723
3.722
3.726
3.726
3.725
3.725
3.722
3.726
3.725
3.718
3.727
3.722
3.723
3.730
3.731
3.725
3.726
3.723
3.723
3.728
3.723
3.725
3.717
3.721
3.722
3.721
3.717
3.723
3.720
3.723
3.721
3.720
3.723
3.726
3.721
3.722
3.722
3.722
3.721
3.721
3.721
3.722
3.721
3.726
3.718
3.722
3.722
3.722
3.720
3.725
3.721
3.723
3.717
3.721
3.721
3.717
3.718
3.720
3.718
3.720
3.721
3.716
3.718
3.720
3.718
3.717
3.718
3.721
3.720
3.722
3.720
3.718
3.716
3.718
3.718
3.718
3.718
3.717
3.720
3.718
3.720
3.718
3.716
3.717
3.717
3.716
3.718
3.718
3.720
3.716
3.712
3.715
3.712
3.717
3.716
3.713
3.716
3.716
3.716
3.716
3.715
3.716
3.713
3.716
3.715
3.717
3.713
3.712
3.712
3.713
3.715
3.715
3.720
3.713
3.711
3.715
3.712
3.708
3.715
3.716
3.712
3.712
3.711
3.712
3.712
3.713
3.712
3.710
3.707
3.712
3.712
3.711
3.715
3.710
3.720
3.710
3.711
3.710
3.707
3.711
3.710
3.710
3.705
3.711
3.711
3.710
3.708
3.711
3.712
3.713
3.711
3.713
3.708
3.711
3.707
3.708
3.708
3.708
3.707
3.712
3.712
3.707
3.710
3.706
3.708
3.711
3.708
3.706
3.708
3.711
3.706
3.705
3.708
3.713
3.706
3.708
3.706
3.705
3.710
3.707
3.711
3.700
3.707
3.707
3.705
3.705
3.705
3.703
3.705
3.702
3.703
3.702
3.706
3.703
3.701
3.703
3.703
3.702
3.703
3.706
3.703
3.702
3.703
3.702
3.701
3.697
3.702
3.702
3.707
3.706
3.701
3.702
3.702
3.705
3.705
3.706
3.706
3.698
3.701
3.702
3.706
3.701
3.701
3.703
3.698
3.700
3.698
3.698
3.698
3.701
3.695
3.697
3.700
3.697
3.697
3.700
3.698
3.698
3.697
3.697
3.698
3.697
3.696
3.697
3.696
3.695
3.695
3.692
3.697
3.696
3.701
3.698
3.696
3.697
3.697
3.696
3.695
3.697
3.691
3.695
3.701
3.693
3.695
3.701
3.695
3.695
3.695
3.697
3.696
3.691
3.695
3.693
3.695
3.692
3.693
3.693
3.696
3.696
3.696
3.688
3.692
3.692
3.686
3.692
3.692
3.691
3.691
3.690
3.692
3.696
3.692
3.691
3.691
3.683
3.690
3.692
3.691
3.688
3.688
3.695
3.691
3.688
3.690
3.688
3.688
3.692
3.688
3.695
3.686
3.690
3.686
3.696
3.687
3.688
3.688
3.686
3.686
3.688
3.687
3.683
3.691
3.687
3.685
3.692
3.686
3.686
3.692
3.682
3.687
3.693
3.685
3.687
3.683
3.681
3.683
3.681
3.685
3.685
3.683
3.685
3.685
3.682
3.682
3.683
3.683
3.682
3.685
3.683
3.685
3.682
3.682
3.681
3.682
3.681
3.683
3.682
3.677
3.683
3.682
3.682
3.683
3.681
3.685
3.680
3.676
3.681
3.680
3.680
3.680
3.678
3.682
3.678
3.678
3.683
3.678
3.680
3.677
3.678
3.680
3.675
3.677
3.680
3.678
3.676
3.677
3.676
3.673
3.676
3.676
3.676
3.675
3.676
3.673
3.672
3.677
3.673
3.676
3.676
3.673
3.673
3.671
3.675
3.671
3.675
3.672
3.673
3.673
3.672
3.672
3.673
3.670
3.676
3.675
3.675
3.671
3.673
3.672
3.672
3.671
3.668
3.665
3.670
3.666
3.671
3.671
3.668
3.673
3.670
3.672
3.671
3.667
3.668
3.671
3.666
3.670
3.670
3.667
3.670
3.666
3.662
3.667
3.668
3.666
3.667
3.667
3.667
3.666
3.667
3.667
3.666
3.668
3.666
3.663
3.667
3.665
3.662
3.662
3.661
3.665
3.663
3.665
3.668
3.663
3.662
3.668
3.661
3.665
3.663
3.662
3.662
3.661
3.661
3.665
3.662
3.660
3.661
3.661
3.656
3.660
3.662
3.660
3.660
3.658
3.656
3.661
3.660
3.663
3.660
3.658
3.661
3.658
3.657
3.658
3.657
3.657
3.657
3.658
3.657
3.660
3.657
3.660
3.657
3.656
3.656
3.657
3.654
3.657
3.654
3.660
3.656
3.653
3.653
3.654
3.656
3.658
3.653
3.651
3.654
3.653
3.654
3.652
3.651
3.652
3.652
3.656
3.652
3.649
3.652
3.652
3.648
3.651
3.648
3.649
3.652
3.649
3.649
3.653
3.651
3.649
3.647
3.651
3.648
3.649
3.652
3.648
3.651
3.648
3.648
3.652
3.648
3.646
3.648
3.649
3.644
3.653
3.646
3.647
3.646
3.647
3.642
3.647
3.648
3.646
3.646
3.642
3.646
3.643
3.643
3.646
3.646
3.642
3.639
3.644
3.643
3.643
3.639
3.644
3.646
3.642
3.643
3.643
3.647
3.639
3.643
3.643
3.638
3.642
3.637
3.638
3.642
3.643
3.641
3.641
3.641
3.639
3.642
3.636
3.639
3.638
3.638
3.639
3.641
3.639
3.638
3.638
3.638
3.637
3.637
3.639
3.637
3.639
3.638
3.638
3.637
3.638
3.637
3.639
3.638
3.636
3.633
3.636
3.633
3.634
3.642
3.637
3.637
3.634
3.632
3.634
3.634
3.632
3.633
3.632
3.632
3.633
3.631
3.631
3.629
3.639
3.633
3.637
3.629
3.632
3.628
3.631
3.633
3.631
3.632
3.629
3.626
3.632
3.632
3.628
3.629
3.628
3.631
3.637
3.629
3.628
3.627
3.626
3.627
3.626
3.628
3.627
3.627
3.627
3.627
3.627
3.628
3.626
3.626
3.622
3.621
3.623
3.624
3.626
3.622
3.622
3.626
3.628
3.623
3.622
3.622
3.629
3.624
3.623
3.623
3.619
3.619
3.621
3.627
3.622
3.621
3.617
3.619
3.619
3.619
3.618
3.619
3.621
3.618
3.617
3.618
3.621
3.616
3.617
3.619
3.617
3.614
3.616
3.617
3.616
3.614
3.609
3.617
3.614
3.617
3.612
3.614
3.612
3.614
3.612
3.609
3.613
3.614
3.613
3.609
3.609
3.612
3.613
3.614
3.614
3.609
3.609
3.611
3.608
3.609
3.609
3.608
3.607
3.608
3.608
3.607
3.606
3.604
3.606
3.608
3.609
3.606
3.606
3.604
3.607
3.602
3.604
3.603
3.602
3.603
3.601
3.602
3.601
3.599
3.598
3.601
3.599
3.599
3.599
3.597
3.597
3.598
3.597
3.596
3.594
3.597
3.596
3.597
3.592
3.594
3.593
3.594
3.596
3.596
3.589
3.593
3.591
3.592
3.591
3.592
3.591
3.587
3.589
3.588
3.587
3.588
3.584
3.589
3.584
3.586
3.586
3.586
3.586
3.583
3.583
3.584
3.583
3.582
3.582
3.583
3.577
3.581
3.574
3.579
3.577
3.582
3.576
3.576
3.581
3.577
3.573
3.574
3.574
3.577
3.573
3.571
3.572
3.572
3.571
3.569
3.571
3.569
3.568
3.568
3.571
3.569
3.567
3.566
3.568
3.564
3.563
3.563
3.563
3.560
3.560
3.562
3.560
3.559
3.559
3.559
3.560
3.563
3.555
3.552
3.550
3.552
3.553
3.552
3.550
3.550
3.550
3.552
3.550
3.543
3.545
3.545
3.548
3.543
3.539
3.540
3.542
3.539
3.533
3.538
3.537
3.538
3.535
3.533
3.533
3.532
3.532
3.529
3.528
3.527
3.525
3.522
3.524
3.527
3.522
3.525
3.520
3.522
3.518
3.523
3.515
3.515
3.515
3.512
3.515
3.509
3.512
3.509
3.507
3.507
3.505
3.503
3.499
3.502
3.499
3.499
3.498
3.494
3.497
3.495
3.494
3.490
3.487
3.488
3.484
3.482
3.485
3.489
3.484
3.482
3.478
3.475
3.474
3.473
3.475
3.468
3.468
3.467
3.465
3.465
3.464
3.460
3.463
3.459
3.458
3.454
3.451
3.450
3.448
3.448
3.445
3.445
3.443
3.441
3.440
3.436
3.436
3.434
3.433
3.429
3.425
3.425
3.430
3.420
3.420
3.416
3.415
3.414
3.415
3.410
3.409
3.405
3.404
3.401
3.399
3.398
3.395
3.391
3.388
3.389
3.383
3.389
3.379
3.376
3.374
3.374
3.371
3.366
3.367
3.364
3.361
3.359
3.355
3.354
3.350
3.346
3.344
3.340
3.340
3.336
3.334
3.331
3.329
3.327
3.321
3.325
3.317
3.312
3.306
3.307
3.304
3.302
3.300
3.296
3.296
3.289
3.285
3.285
3.280
3.277
3.275
3.270
3.267
3.265
3.267
3.257
3.250
3.248
3.247
3.243
3.241
3.236
3.232
3.231
3.226
3.222
3.220
3.217
3.215
3.210
3.206
3.202
3.197
3.195
3.192
3.186
3.182
3.176
3.177
3.172
3.169
3.161
3.159
3.154
3.149
3.144
3.148
3.141
3.137
3.136
3.127
3.124
3.121
3.114
3.116
3.108
3.103
3.103
3.099
3.092
3.088
3.086
3.079
3.075
3.074
3.068
3.062
3.060
3.057
3.052
3.048
3.044
3.042
3.037
3.030
3.030
3.025
3.019
3.017
3.012
3.009
3.005
3.000
2.997
2.993
2.989
2.984
2.979
2.975
2.973
2.966
2.961
2.955
2.954
2.945
2.950
2.939
2.936
2.931
2.925
2.921
2.916
2.915
2.908
2.904
2.898
2.894
2.889
2.884
2.877
2.872
2.864
2.864
2.857
2.852
2.852
2.840
2.839
2.829
2.826
2.819
2.810
2.806
2.799
2.792
2.787
2.780
2.773
2.767
2.761
2.753
2.748
2.745
2.730
2.726
2.717
2.707
2.700
2.692
2.681
2.673
2.661
2.654
2.644
2.633
2.624
2.613
2.603
2.585
2.573
2.564
2.542
2.527
2.514
2.500
2.484
2.465
2.450
2.430
2.414
2.391
